1.005000000000000000e+03 3.297750000000000063e-05
1.006000000000000000e+03 2.354819999999999928e-05
1.007000000000000000e+03 2.601359999999999942e-06
1.008000000000000000e+03 1.009410000000000048e-05
1.009000000000000000e+03 5.417529999999999781e-06
1.010000000000000000e+03 9.539380000000000813e-07
1.011000000000000000e+03 1.962209999999999971e-05
1.012000000000000000e+03 1.002750000000000013e-05
1.013000000000000000e+03 -7.387179999999999845e-07
1.014000000000000000e+03 -1.791830000000000088e-05
1.015000000000000000e+03 1.062630000000000023e-05
1.016000000000000000e+03 -3.912090000000000351e-06
1.017000000000000000e+03 -7.122430000000000602e-08
1.018000000000000000e+03 1.360360000000000093e-06
1.019000000000000000e+03 2.011690000000000047e-05
1.020000000000000000e+03 3.773909999999999837e-06
1.021000000000000000e+03 2.058880000000000183e-06
1.022000000000000000e+03 9.879409999999999657e-07
1.023000000000000000e+03 -6.948449999999999728e-07
1.024000000000000000e+03 1.145620000000000053e-05
1.025000000000000000e+03 5.829779999999999942e-06
1.026000000000000000e+03 2.329280000000000169e-06
1.027000000000000000e+03 9.823210000000000093e-06
1.028000000000000000e+03 1.382129999999999928e-05
1.029000000000000000e+03 3.479500000000000144e-05
1.030000000000000000e+03 6.001860000000000165e-05
1.031000000000000000e+03 6.211829999999999782e-05
1.032000000000000000e+03 8.277489999999999924e-05
1.033000000000000000e+03 9.642330000000000226e-05
1.034000000000000000e+03 9.708669999999999323e-05
1.035000000000000000e+03 6.538009999999999427e-05
1.036000000000000000e+03 4.546219999999999987e-05
1.037000000000000000e+03 5.533020000000000093e-05
1.038000000000000000e+03 7.087669999999999854e-05
1.039000000000000000e+03 3.978910000000000162e-05
1.040000000000000000e+03 1.315149999999999936e-05
1.041000000000000000e+03 8.453039999999999624e-06
1.042000000000000000e+03 2.625150000000000184e-06
1.043000000000000000e+03 4.232510000000000410e-06
1.044000000000000000e+03 3.368249999999999896e-06
1.045000000000000000e+03 -7.400269999999999707e-06
1.046000000000000000e+03 2.568879999999999958e-06
1.047000000000000000e+03 4.335479999999999697e-06
1.048000000000000000e+03 -1.601900000000000070e-06
1.049000000000000000e+03 9.419929999999999568e-07
1.050000000000000000e+03 1.737770000000000135e-05
1.051000000000000000e+03 1.308110000000000085e-06
1.052000000000000000e+03 -6.719559999999999748e-06
1.053000000000000000e+03 5.132620000000000335e-06
1.054000000000000000e+03 1.786789999999999879e-05
1.055000000000000000e+03 -1.265259999999999978e-05
1.056000000000000000e+03 -8.723600000000000638e-06
1.057000000000000000e+03 1.060359999999999958e-05
1.058000000000000000e+03 4.777570000000000236e-06
1.059000000000000000e+03 1.388150000000000084e-05
1.060000000000000000e+03 1.113310000000000018e-05
1.061000000000000000e+03 2.664969999999999914e-06
1.062000000000000000e+03 1.923739999999999982e-05
1.063000000000000000e+03 3.958959999999999785e-05
1.064000000000000000e+03 4.362070000000000064e-05
1.065000000000000000e+03 4.225309999999999700e-05
1.066000000000000000e+03 4.983989999999999693e-05
1.067000000000000000e+03 4.264059999999999964e-05
1.068000000000000000e+03 5.544190000000000191e-05
1.069000000000000000e+03 6.092319999999999973e-05
1.070000000000000000e+03 3.158809999999999662e-05
1.071000000000000000e+03 1.978389999999999874e-05
1.072000000000000000e+03 3.649709999999999993e-05
1.073000000000000000e+03 3.744229999999999894e-05
1.074000000000000000e+03 1.577119999999999903e-05
1.075000000000000000e+03 3.941440000000000332e-06
1.076000000000000000e+03 2.393309999999999961e-05
1.077000000000000000e+03 1.244120000000000042e-05
1.078000000000000000e+03 -6.433340000000000140e-06
1.079000000000000000e+03 6.282309999999999826e-06
1.080000000000000000e+03 8.457310000000000177e-06
1.081000000000000000e+03 6.500830000000000065e-06
1.082000000000000000e+03 2.012640000000000097e-05
1.083000000000000000e+03 3.075610000000000187e-05
1.084000000000000000e+03 1.023969999999999956e-05
1.085000000000000000e+03 1.254059999999999984e-05
1.086000000000000000e+03 9.680410000000000376e-06
1.087000000000000000e+03 9.835780000000000212e-06
1.088000000000000000e+03 4.850150000000000311e-05
1.089000000000000000e+03 3.291219999999999975e-05
1.090000000000000000e+03 1.142039999999999996e-05
1.091000000000000000e+03 1.979319999999999880e-05
1.092000000000000000e+03 5.296910000000000079e-05
1.093000000000000000e+03 4.562219999999999833e-05
1.094000000000000000e+03 2.579829999999999998e-05
1.095000000000000000e+03 4.503769999999999741e-05
1.096000000000000000e+03 5.533839999999999858e-05
1.097000000000000000e+03 6.028720000000000107e-05
1.098000000000000000e+03 7.493060000000000389e-05
1.099000000000000000e+03 8.210330000000000384e-05
1.100000000000000000e+03 8.763300000000000614e-05
1.101000000000000000e+03 9.337429999999999808e-05
1.102000000000000000e+03 9.799279999999999460e-05
1.103000000000000000e+03 8.835489999999999663e-05
1.104000000000000000e+03 7.649799999999999840e-05
1.105000000000000000e+03 6.561410000000000593e-05
1.106000000000000000e+03 5.906130000000000321e-05
1.107000000000000000e+03 5.967679999999999757e-05
1.108000000000000000e+03 5.555990000000000315e-05
1.109000000000000000e+03 4.763359999999999741e-05
1.110000000000000000e+03 4.731889999999999854e-05
1.111000000000000000e+03 2.710499999999999883e-05
1.112000000000000000e+03 2.587930000000000140e-05
1.113000000000000000e+03 3.385890000000000205e-05
1.114000000000000000e+03 4.833269999999999889e-05
1.115000000000000000e+03 3.398769999999999987e-05
1.116000000000000000e+03 6.043159999999999752e-06
1.117000000000000000e+03 1.495929999999999923e-05
1.118000000000000000e+03 2.546409999999999901e-05
1.119000000000000000e+03 4.158279999999999767e-05
1.120000000000000000e+03 3.400350000000000063e-05
1.121000000000000000e+03 1.835319999999999904e-05
1.122000000000000000e+03 2.513039999999999914e-05
1.123000000000000000e+03 3.598999999999999931e-05
1.124000000000000000e+03 4.218760000000000245e-05
1.125000000000000000e+03 6.021020000000000164e-05
1.126000000000000000e+03 6.973880000000000389e-05
1.127000000000000000e+03 7.493109999999999821e-05
1.128000000000000000e+03 7.728429999999999458e-05
1.129000000000000000e+03 8.760609999999999459e-05
1.130000000000000000e+03 1.067000000000000050e-04
1.131000000000000000e+03 1.270370000000000104e-04
1.132000000000000000e+03 1.218809999999999940e-04
1.133000000000000000e+03 1.355799999999999996e-04
1.134000000000000000e+03 1.406049999999999997e-04
1.135000000000000000e+03 1.312449999999999945e-04
1.136000000000000000e+03 1.382649999999999916e-04
1.137000000000000000e+03 1.696959999999999961e-04
1.138000000000000000e+03 1.585430000000000032e-04
1.139000000000000000e+03 1.607210000000000084e-04
1.140000000000000000e+03 1.597229999999999885e-04
1.141000000000000000e+03 1.576899999999999895e-04
1.142000000000000000e+03 1.873730000000000100e-04
1.143000000000000000e+03 2.256840000000000029e-04
1.144000000000000000e+03 2.299190000000000055e-04
1.145000000000000000e+03 2.397959999999999924e-04
1.146000000000000000e+03 2.798300000000000093e-04
1.147000000000000000e+03 3.391819999999999926e-04
1.148000000000000000e+03 4.015150000000000208e-04
1.149000000000000000e+03 4.894180000000000362e-04
1.150000000000000000e+03 6.124569999999999537e-04
1.151000000000000000e+03 7.550669999999999995e-04
1.152000000000000000e+03 9.734709999999999501e-04
1.153000000000000000e+03 1.286009999999999974e-03
1.154000000000000000e+03 1.730299999999999937e-03
1.155000000000000000e+03 2.406310000000000046e-03
1.156000000000000000e+03 3.417079999999999857e-03
1.157000000000000000e+03 4.906980000000000022e-03
1.158000000000000000e+03 7.294189999999999875e-03
1.159000000000000000e+03 1.126710000000000038e-02
1.160000000000000000e+03 1.792039999999999952e-02
1.161000000000000000e+03 2.907969999999999999e-02
1.162000000000000000e+03 4.714299999999999741e-02
1.163000000000000000e+03 7.739890000000000658e-02
1.164000000000000000e+03 1.226570000000000021e-01
1.165000000000000000e+03 1.826460000000000028e-01
1.166000000000000000e+03 2.539480000000000071e-01
1.167000000000000000e+03 3.351029999999999842e-01
1.168000000000000000e+03 4.258950000000000236e-01
1.169000000000000000e+03 5.229350000000000387e-01
1.170000000000000000e+03 6.174990000000000201e-01
1.171000000000000000e+03 6.933319999999999483e-01
1.172000000000000000e+03 7.426110000000000211e-01
1.173000000000000000e+03 7.676739999999999675e-01
1.174000000000000000e+03 7.783259999999999623e-01
1.175000000000000000e+03 7.810369999999999813e-01
1.176000000000000000e+03 7.823229999999999906e-01
1.177000000000000000e+03 7.839760000000000062e-01
1.178000000000000000e+03 7.840510000000000534e-01
1.179000000000000000e+03 7.824349999999999916e-01
1.180000000000000000e+03 7.817110000000000447e-01
1.181000000000000000e+03 7.800479999999999636e-01
1.182000000000000000e+03 7.795779999999999932e-01
1.183000000000000000e+03 7.796389999999999709e-01
1.184000000000000000e+03 7.798439999999999817e-01
1.185000000000000000e+03 7.797450000000000214e-01
1.186000000000000000e+03 7.794520000000000337e-01
1.187000000000000000e+03 7.804849999999999843e-01
1.188000000000000000e+03 7.813510000000000177e-01
1.189000000000000000e+03 7.808840000000000225e-01
1.190000000000000000e+03 7.814429999999999987e-01
1.191000000000000000e+03 7.823679999999999524e-01
1.192000000000000000e+03 7.823620000000000019e-01
1.193000000000000000e+03 7.824299999999999589e-01
1.194000000000000000e+03 7.822700000000000209e-01
1.195000000000000000e+03 7.826710000000000056e-01
1.196000000000000000e+03 7.840629999999999544e-01
1.197000000000000000e+03 7.849679999999999991e-01
1.198000000000000000e+03 7.860219999999999985e-01
1.199000000000000000e+03 7.864860000000000184e-01
1.200000000000000000e+03 7.870399999999999618e-01
1.201000000000000000e+03 7.876539999999999653e-01
1.202000000000000000e+03 7.882550000000000390e-01
1.203000000000000000e+03 7.887359999999999927e-01
1.204000000000000000e+03 7.888399999999999856e-01
1.205000000000000000e+03 7.887290000000000134e-01
1.206000000000000000e+03 7.885590000000000099e-01
1.207000000000000000e+03 7.889310000000000489e-01
1.208000000000000000e+03 7.890420000000000211e-01
1.209000000000000000e+03 7.889049999999999674e-01
1.210000000000000000e+03 7.895619999999999861e-01
1.211000000000000000e+03 7.901299999999999990e-01
1.212000000000000000e+03 7.907170000000000032e-01
1.213000000000000000e+03 7.902580000000000160e-01
1.214000000000000000e+03 7.891559999999999686e-01
1.215000000000000000e+03 7.885750000000000259e-01
1.216000000000000000e+03 7.882350000000000190e-01
1.217000000000000000e+03 7.873210000000000486e-01
1.218000000000000000e+03 7.864600000000000479e-01
1.219000000000000000e+03 7.848519999999999941e-01
1.220000000000000000e+03 7.833700000000000108e-01
1.221000000000000000e+03 7.828600000000000003e-01
1.222000000000000000e+03 7.826119999999999743e-01
1.223000000000000000e+03 7.823430000000000106e-01
1.224000000000000000e+03 7.823419999999999819e-01
1.225000000000000000e+03 7.830129999999999590e-01
1.226000000000000000e+03 7.839570000000000149e-01
1.227000000000000000e+03 7.866739999999999844e-01
1.228000000000000000e+03 7.884309999999999929e-01
1.229000000000000000e+03 7.892379999999999951e-01
1.230000000000000000e+03 7.909519999999999884e-01
1.231000000000000000e+03 7.920739999999999448e-01
1.232000000000000000e+03 7.924560000000000493e-01
1.233000000000000000e+03 7.920469999999999455e-01
1.234000000000000000e+03 7.921839999999999993e-01
1.235000000000000000e+03 7.908749999999999947e-01
1.236000000000000000e+03 7.896349999999999758e-01
1.237000000000000000e+03 7.882850000000000135e-01
1.238000000000000000e+03 7.868469999999999631e-01
1.239000000000000000e+03 7.852839999999999820e-01
1.240000000000000000e+03 7.843679999999999541e-01
1.241000000000000000e+03 7.839279999999999582e-01
1.242000000000000000e+03 7.845969999999999889e-01
1.243000000000000000e+03 7.849829999999999863e-01
1.244000000000000000e+03 7.852689999999999948e-01
1.245000000000000000e+03 7.866579999999999684e-01
1.246000000000000000e+03 7.880620000000000402e-01
1.247000000000000000e+03 7.897110000000000518e-01
1.248000000000000000e+03 7.911669999999999536e-01
1.249000000000000000e+03 7.925959999999999672e-01
1.250000000000000000e+03 7.943620000000000125e-01
1.251000000000000000e+03 7.954029999999999712e-01
1.252000000000000000e+03 7.966269999999999740e-01
1.253000000000000000e+03 7.966459999999999653e-01
1.254000000000000000e+03 7.960059999999999913e-01
1.255000000000000000e+03 7.960930000000000506e-01
1.256000000000000000e+03 7.961989999999999901e-01
1.257000000000000000e+03 7.955360000000000209e-01
1.258000000000000000e+03 7.958739999999999704e-01
1.259000000000000000e+03 7.953080000000000149e-01
1.260000000000000000e+03 7.958309999999999551e-01
1.261000000000000000e+03 7.960890000000000466e-01
1.262000000000000000e+03 7.960880000000000178e-01
1.263000000000000000e+03 7.967490000000000405e-01
1.264000000000000000e+03 7.965259999999999563e-01
1.265000000000000000e+03 7.963409999999999656e-01
1.266000000000000000e+03 7.973900000000000432e-01
1.267000000000000000e+03 7.987640000000000295e-01
1.268000000000000000e+03 7.988340000000000440e-01
1.269000000000000000e+03 7.987279999999999935e-01
1.270000000000000000e+03 7.979749999999999899e-01
1.271000000000000000e+03 7.982139999999999791e-01
1.272000000000000000e+03 7.981059999999999821e-01
1.273000000000000000e+03 7.970089999999999675e-01
1.274000000000000000e+03 7.960199999999999498e-01
1.275000000000000000e+03 7.959079999999999488e-01
1.276000000000000000e+03 7.953289999999999527e-01
1.277000000000000000e+03 7.953519999999999479e-01
1.278000000000000000e+03 7.951369999999999827e-01
1.279000000000000000e+03 7.948370000000000157e-01
1.280000000000000000e+03 7.948380000000000445e-01
1.281000000000000000e+03 7.953649999999999887e-01
1.282000000000000000e+03 7.961179999999999923e-01
1.283000000000000000e+03 7.967250000000000165e-01
1.284000000000000000e+03 7.964360000000000328e-01
1.285000000000000000e+03 7.968990000000000240e-01
1.286000000000000000e+03 7.973749999999999449e-01
1.287000000000000000e+03 7.959850000000000536e-01
1.288000000000000000e+03 7.966769999999999685e-01
1.289000000000000000e+03 7.958669999999999911e-01
1.290000000000000000e+03 7.949530000000000207e-01
1.291000000000000000e+03 7.937419999999999476e-01
1.292000000000000000e+03 7.932719999999999771e-01
1.293000000000000000e+03 7.927440000000000042e-01
1.294000000000000000e+03 7.902000000000000135e-01
1.295000000000000000e+03 7.893769999999999953e-01
1.296000000000000000e+03 7.888110000000000399e-01
1.297000000000000000e+03 7.889249999999999874e-01
1.298000000000000000e+03 7.891120000000000356e-01
1.299000000000000000e+03 7.885410000000000474e-01
1.300000000000000000e+03 7.894170000000000353e-01
1.301000000000000000e+03 7.907840000000000424e-01
1.302000000000000000e+03 7.917640000000000233e-01
1.303000000000000000e+03 7.923769999999999980e-01
1.304000000000000000e+03 7.925499999999999767e-01
1.305000000000000000e+03 7.935259999999999536e-01
1.306000000000000000e+03 7.947999999999999510e-01
1.307000000000000000e+03 7.955600000000000449e-01
1.308000000000000000e+03 7.964360000000000328e-01
1.309000000000000000e+03 7.962660000000000293e-01
1.310000000000000000e+03 7.958490000000000286e-01
1.311000000000000000e+03 7.965790000000000370e-01
1.312000000000000000e+03 7.965700000000000003e-01
1.313000000000000000e+03 7.964400000000000368e-01
1.314000000000000000e+03 7.957020000000000204e-01
1.315000000000000000e+03 7.943189999999999973e-01
1.316000000000000000e+03 7.947980000000000045e-01
1.317000000000000000e+03 7.941160000000000441e-01
1.318000000000000000e+03 7.936609999999999498e-01
1.319000000000000000e+03 7.938429999999999653e-01
1.320000000000000000e+03 7.941799999999999971e-01
1.321000000000000000e+03 7.951660000000000394e-01
1.322000000000000000e+03 7.954970000000000097e-01
1.323000000000000000e+03 7.956280000000000019e-01
1.324000000000000000e+03 7.956950000000000411e-01
1.325000000000000000e+03 7.972200000000000397e-01
1.326000000000000000e+03 7.994679999999999565e-01
1.327000000000000000e+03 7.989920000000000355e-01
1.328000000000000000e+03 7.993130000000000512e-01
1.329000000000000000e+03 8.006410000000000471e-01
1.330000000000000000e+03 8.004299999999999748e-01
1.331000000000000000e+03 8.027170000000000138e-01
1.332000000000000000e+03 8.028480000000000061e-01
1.333000000000000000e+03 8.021359999999999602e-01
1.334000000000000000e+03 8.033820000000000405e-01
1.335000000000000000e+03 8.034149999999999903e-01
1.336000000000000000e+03 8.048349999999999671e-01
1.337000000000000000e+03 8.038849999999999607e-01
1.338000000000000000e+03 8.045980000000000354e-01
1.339000000000000000e+03 8.039269999999999472e-01
1.340000000000000000e+03 8.043190000000000062e-01
1.341000000000000000e+03 8.045189999999999841e-01
1.342000000000000000e+03 8.049399999999999888e-01
1.343000000000000000e+03 8.041719999999999979e-01
1.344000000000000000e+03 8.043580000000000174e-01
1.345000000000000000e+03 8.034029999999999783e-01
1.346000000000000000e+03 8.038589999999999902e-01
1.347000000000000000e+03 8.032209999999999628e-01
1.348000000000000000e+03 8.024660000000000126e-01
1.349000000000000000e+03 8.030640000000000001e-01
1.350000000000000000e+03 7.996039999999999814e-01
1.351000000000000000e+03 8.007750000000000146e-01
1.352000000000000000e+03 8.004379999999999828e-01
1.353000000000000000e+03 8.010680000000000023e-01
1.354000000000000000e+03 8.006870000000000376e-01
1.355000000000000000e+03 7.995799999999999574e-01
1.356000000000000000e+03 7.993599999999999595e-01
1.357000000000000000e+03 7.991979999999999640e-01
1.358000000000000000e+03 8.008009999999999851e-01
1.359000000000000000e+03 8.019650000000000389e-01
1.360000000000000000e+03 8.005539999999999878e-01
1.361000000000000000e+03 8.030490000000000128e-01
1.362000000000000000e+03 8.024040000000000061e-01
1.363000000000000000e+03 8.013919999999999932e-01
1.364000000000000000e+03 8.009579999999999478e-01
1.365000000000000000e+03 8.012059999999999738e-01
1.366000000000000000e+03 8.014250000000000540e-01
1.367000000000000000e+03 8.009279999999999733e-01
1.368000000000000000e+03 8.008440000000000003e-01
1.369000000000000000e+03 8.023449999999999749e-01
1.370000000000000000e+03 8.019779999999999687e-01
1.371000000000000000e+03 8.024890000000000079e-01
1.372000000000000000e+03 8.020140000000000047e-01
1.373000000000000000e+03 8.010300000000000198e-01
1.374000000000000000e+03 8.008260000000000378e-01
1.375000000000000000e+03 7.995160000000000045e-01
1.376000000000000000e+03 8.006860000000000088e-01
1.377000000000000000e+03 8.001049999999999551e-01
1.378000000000000000e+03 7.987630000000000008e-01
1.379000000000000000e+03 7.976109999999999589e-01
1.380000000000000000e+03 7.978830000000000089e-01
1.381000000000000000e+03 7.971709999999999630e-01
1.382000000000000000e+03 7.962569999999999926e-01
1.383000000000000000e+03 7.962930000000000286e-01
1.384000000000000000e+03 7.969079999999999497e-01
1.385000000000000000e+03 7.964200000000000168e-01
1.386000000000000000e+03 7.964759999999999618e-01
1.387000000000000000e+03 7.968730000000000535e-01
1.388000000000000000e+03 7.967710000000000070e-01
1.389000000000000000e+03 7.980049999999999644e-01
1.390000000000000000e+03 7.965550000000000130e-01
1.391000000000000000e+03 7.949260000000000215e-01
1.392000000000000000e+03 7.945290000000000408e-01
1.393000000000000000e+03 7.940730000000000288e-01
1.394000000000000000e+03 7.946509999999999962e-01
1.395000000000000000e+03 7.954539999999999944e-01
1.396000000000000000e+03 7.933310000000000084e-01
1.397000000000000000e+03 7.903780000000000250e-01
1.398000000000000000e+03 7.882379999999999942e-01
1.399000000000000000e+03 7.858420000000000405e-01
1.400000000000000000e+03 7.863200000000000189e-01
1.401000000000000000e+03 7.882770000000000055e-01
1.402000000000000000e+03 7.864579999999999904e-01
1.403000000000000000e+03 7.861820000000000475e-01
1.404000000000000000e+03 7.870470000000000521e-01
1.405000000000000000e+03 7.859059999999999935e-01
1.406000000000000000e+03 7.855790000000000273e-01
1.407000000000000000e+03 7.863090000000000357e-01
1.408000000000000000e+03 7.869310000000000471e-01
1.409000000000000000e+03 7.882439999999999447e-01
1.410000000000000000e+03 7.879040000000000488e-01
1.411000000000000000e+03 7.882249999999999535e-01
1.412000000000000000e+03 7.889100000000000001e-01
1.413000000000000000e+03 7.891479999999999606e-01
1.414000000000000000e+03 7.912209999999999521e-01
1.415000000000000000e+03 7.912449999999999761e-01
1.416000000000000000e+03 7.912759999999999794e-01
1.417000000000000000e+03 7.901749999999999607e-01
1.418000000000000000e+03 7.909089999999999732e-01
1.419000000000000000e+03 7.912090000000000511e-01
1.420000000000000000e+03 7.901759999999999895e-01
1.421000000000000000e+03 7.895619999999999861e-01
1.422000000000000000e+03 7.891129999999999534e-01
1.423000000000000000e+03 7.885490000000000554e-01
1.424000000000000000e+03 7.884069999999999689e-01
1.425000000000000000e+03 7.874970000000000026e-01
1.426000000000000000e+03 7.863919999999999799e-01
1.427000000000000000e+03 7.856070000000000553e-01
1.428000000000000000e+03 7.862660000000000204e-01
1.429000000000000000e+03 7.856760000000000410e-01
1.430000000000000000e+03 7.853790000000000493e-01
1.431000000000000000e+03 7.854020000000000445e-01
1.432000000000000000e+03 7.852679999999999660e-01
1.433000000000000000e+03 7.856389999999999763e-01
1.434000000000000000e+03 7.861029999999999962e-01
1.435000000000000000e+03 7.868450000000000166e-01
1.436000000000000000e+03 7.873130000000000406e-01
1.437000000000000000e+03 7.875839999999999508e-01
1.438000000000000000e+03 7.883130000000000415e-01
1.439000000000000000e+03 7.892869999999999608e-01
1.440000000000000000e+03 7.888420000000000432e-01
1.441000000000000000e+03 7.880300000000000082e-01
1.442000000000000000e+03 7.885280000000000067e-01
1.443000000000000000e+03 7.890829999999999789e-01
1.444000000000000000e+03 7.886570000000000524e-01
1.445000000000000000e+03 7.867619999999999614e-01
1.446000000000000000e+03 7.870270000000000321e-01
1.447000000000000000e+03 7.862529999999999797e-01
1.448000000000000000e+03 7.854219999999999535e-01
1.449000000000000000e+03 7.851949999999999763e-01
1.450000000000000000e+03 7.847060000000000146e-01
1.451000000000000000e+03 7.843430000000000124e-01
1.452000000000000000e+03 7.832240000000000313e-01
1.453000000000000000e+03 7.835919999999999552e-01
1.454000000000000000e+03 7.831529999999999880e-01
1.455000000000000000e+03 7.822289999999999521e-01
1.456000000000000000e+03 7.829159999999999453e-01
1.457000000000000000e+03 7.839789999999999814e-01
1.458000000000000000e+03 7.847769999999999468e-01
1.459000000000000000e+03 7.847469999999999724e-01
1.460000000000000000e+03 7.854700000000000015e-01
1.461000000000000000e+03 7.858249999999999957e-01
1.462000000000000000e+03 7.859199999999999520e-01
1.463000000000000000e+03 7.863409999999999567e-01
1.464000000000000000e+03 7.859099999999999975e-01
1.465000000000000000e+03 7.863710000000000422e-01
1.466000000000000000e+03 7.870230000000000281e-01
1.467000000000000000e+03 7.867180000000000284e-01
1.468000000000000000e+03 7.864419999999999744e-01
1.469000000000000000e+03 7.868100000000000094e-01
1.470000000000000000e+03 7.860470000000000512e-01
1.471000000000000000e+03 7.854109999999999703e-01
1.472000000000000000e+03 7.845290000000000319e-01
1.473000000000000000e+03 7.848870000000000013e-01
1.474000000000000000e+03 7.847020000000000106e-01
1.475000000000000000e+03 7.842670000000000474e-01
1.476000000000000000e+03 7.839669999999999694e-01
1.477000000000000000e+03 7.829399999999999693e-01
1.478000000000000000e+03 7.827129999999999921e-01
1.479000000000000000e+03 7.823830000000000506e-01
1.480000000000000000e+03 7.806370000000000253e-01
1.481000000000000000e+03 7.812630000000000408e-01
1.482000000000000000e+03 7.808650000000000313e-01
1.483000000000000000e+03 7.811660000000000270e-01
1.484000000000000000e+03 7.813930000000000042e-01
1.485000000000000000e+03 7.810369999999999813e-01
1.486000000000000000e+03 7.813090000000000312e-01
1.487000000000000000e+03 7.814940000000000220e-01
1.488000000000000000e+03 7.813970000000000082e-01
1.489000000000000000e+03 7.811019999999999630e-01
1.490000000000000000e+03 7.816629999999999967e-01
1.491000000000000000e+03 7.815779999999999950e-01
1.492000000000000000e+03 7.806429999999999758e-01
1.493000000000000000e+03 7.814569999999999572e-01
1.494000000000000000e+03 7.817039999999999544e-01
1.495000000000000000e+03 7.812679999999999625e-01
1.496000000000000000e+03 7.817380000000000440e-01
1.497000000000000000e+03 7.812959999999999905e-01
1.498000000000000000e+03 7.821059999999999679e-01
1.499000000000000000e+03 7.826429999999999776e-01
1.500000000000000000e+03 7.833820000000000228e-01
1.501000000000000000e+03 7.828230000000000466e-01
1.502000000000000000e+03 7.823400000000000354e-01
1.503000000000000000e+03 7.834090000000000220e-01
1.504000000000000000e+03 7.830549999999999455e-01
1.505000000000000000e+03 7.844560000000000421e-01
1.506000000000000000e+03 7.840169999999999639e-01
1.507000000000000000e+03 7.847720000000000251e-01
1.508000000000000000e+03 7.848340000000000316e-01
1.509000000000000000e+03 7.843740000000000157e-01
1.510000000000000000e+03 7.843670000000000364e-01
1.511000000000000000e+03 7.843229999999999924e-01
1.512000000000000000e+03 7.844419999999999726e-01
1.513000000000000000e+03 7.847199999999999731e-01
1.514000000000000000e+03 7.832909999999999595e-01
1.515000000000000000e+03 7.831650000000000000e-01
1.516000000000000000e+03 7.830989999999999895e-01
1.517000000000000000e+03 7.829230000000000356e-01
1.518000000000000000e+03 7.838420000000000387e-01
1.519000000000000000e+03 7.824579999999999869e-01
1.520000000000000000e+03 7.829450000000000021e-01
1.521000000000000000e+03 7.831939999999999458e-01
1.522000000000000000e+03 7.825870000000000326e-01
1.523000000000000000e+03 7.833219999999999628e-01
1.524000000000000000e+03 7.837709999999999955e-01
1.525000000000000000e+03 7.846020000000000216e-01
1.526000000000000000e+03 7.855309999999999793e-01
1.527000000000000000e+03 7.849049999999999638e-01
1.528000000000000000e+03 7.865619999999999834e-01
1.529000000000000000e+03 7.865419999999999634e-01
1.530000000000000000e+03 7.872660000000000213e-01
1.531000000000000000e+03 7.868450000000000166e-01
1.532000000000000000e+03 7.854520000000000390e-01
1.533000000000000000e+03 7.865339999999999554e-01
1.534000000000000000e+03 7.857159999999999700e-01
1.535000000000000000e+03 7.853750000000000453e-01
1.536000000000000000e+03 7.838640000000000052e-01
1.537000000000000000e+03 7.823339999999999739e-01
1.538000000000000000e+03 7.816920000000000535e-01
1.539000000000000000e+03 7.800909999999999789e-01
1.540000000000000000e+03 7.799739999999999451e-01
1.541000000000000000e+03 7.777439999999999909e-01
1.542000000000000000e+03 7.776520000000000099e-01
1.543000000000000000e+03 7.776980000000000004e-01
1.544000000000000000e+03 7.769270000000000342e-01
1.545000000000000000e+03 7.774689999999999657e-01
1.546000000000000000e+03 7.772310000000000052e-01
1.547000000000000000e+03 7.762350000000000083e-01
1.548000000000000000e+03 7.787880000000000358e-01
1.549000000000000000e+03 7.778080000000000549e-01
1.550000000000000000e+03 7.790960000000000107e-01
1.551000000000000000e+03 7.802499999999999991e-01
1.552000000000000000e+03 7.805090000000000083e-01
1.553000000000000000e+03 7.811599999999999655e-01
1.554000000000000000e+03 7.810289999999999733e-01
1.555000000000000000e+03 7.810700000000000420e-01
1.556000000000000000e+03 7.786229999999999540e-01
1.557000000000000000e+03 7.739110000000000156e-01
1.558000000000000000e+03 7.669150000000000134e-01
1.559000000000000000e+03 7.554300000000000459e-01
1.560000000000000000e+03 7.349890000000000034e-01
1.561000000000000000e+03 7.086059999999999581e-01
1.562000000000000000e+03 6.745539999999999869e-01
1.563000000000000000e+03 6.323180000000000467e-01
1.564000000000000000e+03 5.816120000000000179e-01
1.565000000000000000e+03 5.248859999999999637e-01
1.566000000000000000e+03 4.575710000000000055e-01
1.567000000000000000e+03 3.887809999999999877e-01
1.568000000000000000e+03 3.198719999999999897e-01
1.569000000000000000e+03 2.559049999999999936e-01
1.570000000000000000e+03 2.009209999999999885e-01
1.571000000000000000e+03 1.541440000000000032e-01
1.572000000000000000e+03 1.162080000000000057e-01
1.573000000000000000e+03 8.779359999999999942e-02
1.574000000000000000e+03 6.620850000000000346e-02
1.575000000000000000e+03 4.914380000000000137e-02
1.576000000000000000e+03 3.692410000000000136e-02
1.577000000000000000e+03 2.815259999999999985e-02
1.578000000000000000e+03 2.169139999999999957e-02
1.579000000000000000e+03 1.682550000000000018e-02
1.580000000000000000e+03 1.311810000000000059e-02
1.581000000000000000e+03 1.031720000000000033e-02
1.582000000000000000e+03 8.110730000000000023e-03
1.583000000000000000e+03 6.494879999999999751e-03
1.584000000000000000e+03 5.233670000000000162e-03
1.585000000000000000e+03 4.253029999999999658e-03
1.586000000000000000e+03 3.511729999999999800e-03
1.587000000000000000e+03 2.920369999999999824e-03
1.588000000000000000e+03 2.415280000000000118e-03
1.589000000000000000e+03 2.005960000000000208e-03
1.590000000000000000e+03 1.695799999999999912e-03
1.591000000000000000e+03 1.430999999999999980e-03
1.592000000000000000e+03 1.221139999999999899e-03
1.593000000000000000e+03 1.063970000000000020e-03
1.594000000000000000e+03 9.199009999999999869e-04
1.595000000000000000e+03 7.819170000000000287e-04
1.596000000000000000e+03 6.776370000000000310e-04
1.597000000000000000e+03 5.833779999999999565e-04
1.598000000000000000e+03 5.091819999999999506e-04
1.599000000000000000e+03 4.554940000000000269e-04
1.600000000000000000e+03 4.154040000000000228e-04
1.601000000000000000e+03 3.663739999999999857e-04
1.602000000000000000e+03 3.143399999999999753e-04
1.603000000000000000e+03 2.873870000000000049e-04
1.604000000000000000e+03 2.806490000000000026e-04
1.605000000000000000e+03 2.488370000000000165e-04
1.606000000000000000e+03 2.175479999999999981e-04
1.607000000000000000e+03 2.033749999999999968e-04
1.608000000000000000e+03 1.956439999999999991e-04
1.609000000000000000e+03 1.636289999999999880e-04
1.610000000000000000e+03 1.453269999999999996e-04
1.611000000000000000e+03 1.416180000000000119e-04
1.612000000000000000e+03 1.237160000000000061e-04
1.613000000000000000e+03 1.280409999999999892e-04
1.614000000000000000e+03 1.358359999999999917e-04
1.615000000000000000e+03 1.184149999999999970e-04
1.616000000000000000e+03 9.513409999999999434e-05
1.617000000000000000e+03 9.748960000000000254e-05
1.618000000000000000e+03 8.837829999999999373e-05
1.619000000000000000e+03 8.837460000000000595e-05
1.620000000000000000e+03 9.612289999999999409e-05
1.621000000000000000e+03 8.657170000000000327e-05
1.622000000000000000e+03 7.602989999999999521e-05
1.623000000000000000e+03 5.895329999999999679e-05
1.624000000000000000e+03 5.336589999999999672e-05
1.625000000000000000e+03 6.787180000000000296e-05
1.626000000000000000e+03 6.853820000000000051e-05
1.627000000000000000e+03 6.266359999999999411e-05
1.628000000000000000e+03 6.244299999999999829e-05
1.629000000000000000e+03 6.667459999999999349e-05
1.630000000000000000e+03 6.167499999999999480e-05
1.631000000000000000e+03 6.557949999999999782e-05
1.632000000000000000e+03 6.650990000000000504e-05
1.633000000000000000e+03 6.642279999999999701e-05
1.634000000000000000e+03 8.172289999999999644e-05
1.635000000000000000e+03 8.828709999999999705e-05
1.636000000000000000e+03 6.516980000000000071e-05
1.637000000000000000e+03 5.465420000000000266e-05
1.638000000000000000e+03 6.844979999999999641e-05
1.639000000000000000e+03 6.835320000000000144e-05
1.640000000000000000e+03 8.265760000000000631e-05
1.641000000000000000e+03 8.800240000000000297e-05
1.642000000000000000e+03 7.460639999999999774e-05
1.643000000000000000e+03 7.681600000000000450e-05
1.644000000000000000e+03 1.039999999999999936e-04
1.645000000000000000e+03 1.128250000000000048e-04
1.646000000000000000e+03 1.009909999999999958e-04
1.647000000000000000e+03 9.034509999999999666e-05
1.648000000000000000e+03 1.178879999999999934e-04
1.649000000000000000e+03 1.263500000000000083e-04
1.650000000000000000e+03 1.291549999999999925e-04
1.651000000000000000e+03 1.262620000000000051e-04
1.652000000000000000e+03 1.216500000000000025e-04
1.653000000000000000e+03 1.247169999999999919e-04
1.654000000000000000e+03 1.401379999999999922e-04
1.655000000000000000e+03 1.573450000000000055e-04
1.656000000000000000e+03 1.644299999999999961e-04
1.657000000000000000e+03 1.735750000000000042e-04
1.658000000000000000e+03 1.699390000000000004e-04
1.659000000000000000e+03 1.715730000000000055e-04
1.660000000000000000e+03 2.112100000000000056e-04
1.661000000000000000e+03 2.146930000000000127e-04
1.662000000000000000e+03 1.924980000000000126e-04
1.663000000000000000e+03 1.811270000000000024e-04
1.664000000000000000e+03 2.016110000000000048e-04
1.665000000000000000e+03 2.045349999999999924e-04
1.666000000000000000e+03 1.909740000000000049e-04
1.667000000000000000e+03 1.940110000000000098e-04
1.668000000000000000e+03 1.865710000000000133e-04
1.669000000000000000e+03 1.679390000000000060e-04
1.670000000000000000e+03 1.773090000000000061e-04
1.671000000000000000e+03 1.763850000000000129e-04
1.672000000000000000e+03 1.698520000000000130e-04
1.673000000000000000e+03 1.656059999999999997e-04
1.674000000000000000e+03 1.866329999999999866e-04
1.675000000000000000e+03 1.547010000000000084e-04
1.676000000000000000e+03 1.402669999999999904e-04
1.677000000000000000e+03 1.447710000000000002e-04
1.678000000000000000e+03 1.480270000000000110e-04
1.679000000000000000e+03 1.479209999999999954e-04
1.680000000000000000e+03 1.523329999999999932e-04
1.681000000000000000e+03 1.482929999999999980e-04
1.682000000000000000e+03 1.405090000000000061e-04
1.683000000000000000e+03 1.317199999999999925e-04
1.684000000000000000e+03 1.643279999999999893e-04
1.685000000000000000e+03 1.494559999999999866e-04
1.686000000000000000e+03 1.473099999999999974e-04
1.687000000000000000e+03 1.453790000000000052e-04
1.688000000000000000e+03 1.293629999999999878e-04
1.689000000000000000e+03 1.349850000000000095e-04
1.690000000000000000e+03 1.562789999999999991e-04
1.691000000000000000e+03 1.623449999999999915e-04
1.692000000000000000e+03 1.350540000000000117e-04
1.693000000000000000e+03 1.422770000000000068e-04
1.694000000000000000e+03 1.786849999999999875e-04
1.695000000000000000e+03 1.734849999999999966e-04
