6.950000000000000000e+03 0.000000000000000000e+00
6.960000000000000000e+03 1.760000000000000063e-03
6.970000000000000000e+03 2.390000000000000197e-03
6.980000000000000000e+03 3.569999999999999823e-03
6.990000000000000000e+03 4.709999999999999777e-03
7.000000000000000000e+03 6.740000000000000331e-03
7.010000000000000000e+03 1.021999999999999992e-02
7.020000000000000000e+03 1.651999999999999996e-02
7.030000000000000000e+03 2.875000000000000125e-02
7.040000000000000000e+03 5.131000000000000144e-02
7.050000000000000000e+03 9.719999999999999474e-02
7.060000000000000000e+03 1.696400000000000130e-01
7.070000000000000000e+03 2.761399999999999966e-01
7.080000000000000000e+03 4.142000000000000126e-01
7.090000000000000000e+03 5.839600000000000346e-01
7.100000000000000000e+03 7.669000000000000261e-01
7.110000000000000000e+03 9.213500000000000023e-01
7.120000000000000000e+03 9.988399999999999501e-01
7.130000000000000000e+03 9.612399999999999833e-01
7.140000000000000000e+03 8.446399999999999464e-01
7.150000000000000000e+03 6.556800000000000406e-01
7.160000000000000000e+03 4.497700000000000031e-01
7.170000000000000000e+03 2.632800000000000140e-01
7.180000000000000000e+03 1.387299999999999922e-01
7.190000000000000000e+03 7.025000000000000688e-02
7.200000000000000000e+03 3.821000000000000091e-02
7.210000000000000000e+03 2.179000000000000034e-02
7.220000000000000000e+03 1.409000000000000009e-02
7.230000000000000000e+03 9.360000000000000264e-03
7.240000000000000000e+03 6.139999999999999625e-03
7.250000000000000000e+03 3.500000000000000073e-03
7.260000000000000000e+03 2.830000000000000050e-03
7.270000000000000000e+03 1.770000000000000089e-03
7.280000000000000000e+03 0.000000000000000000e+00
7.290000000000000000e+03 1.319999999999999993e-03
7.300000000000000000e+03 1.280000000000000105e-03
7.310000000000000000e+03 0.000000000000000000e+00
7.320000000000000000e+03 0.000000000000000000e+00
7.330000000000000000e+03 0.000000000000000000e+00
7.340000000000000000e+03 1.280000000000000105e-03
