3.020000000000000000e+03 0.000000000000000000e+00
3.040000000000000000e+03 0.000000000000000000e+00
3.060000000000000000e+03 0.000000000000000000e+00
3.080000000000000000e+03 0.000000000000000000e+00
3.100000000000000000e+03 0.000000000000000000e+00
3.120000000000000000e+03 1.000000000000000082e-05
3.140000000000000000e+03 2.000000000000000164e-05
3.160000000000000000e+03 5.000000000000000240e-05
3.180000000000000000e+03 1.100000000000000039e-04
3.200000000000000000e+03 2.599999999999999772e-04
3.220000000000000000e+03 4.699999999999999859e-04
3.240000000000000000e+03 9.399999999999999719e-04
3.260000000000000000e+03 2.239999999999999804e-03
3.280000000000000000e+03 6.159999999999999677e-03
3.300000000000000000e+03 1.636999999999999914e-02
3.320000000000000000e+03 3.457999999999999963e-02
3.340000000000000000e+03 6.304999999999999494e-02
3.360000000000000000e+03 9.929999999999999938e-02
3.380000000000000000e+03 1.379700000000000093e-01
3.400000000000000000e+03 1.741399999999999892e-01
3.420000000000000000e+03 1.987099999999999977e-01
3.440000000000000000e+03 2.177600000000000091e-01
3.460000000000000000e+03 2.354499999999999926e-01
3.480000000000000000e+03 2.545499999999999985e-01
3.500000000000000000e+03 2.757499999999999951e-01
3.520000000000000000e+03 2.939200000000000146e-01
3.540000000000000000e+03 3.104199999999999737e-01
3.560000000000000000e+03 3.240600000000000147e-01
3.580000000000000000e+03 3.338599999999999901e-01
3.600000000000000000e+03 3.426199999999999801e-01
3.620000000000000000e+03 3.524499999999999855e-01
3.640000000000000000e+03 3.614899999999999780e-01
3.660000000000000000e+03 3.677500000000000213e-01
3.680000000000000000e+03 3.668000000000000149e-01
3.700000000000000000e+03 3.606099999999999861e-01
3.720000000000000000e+03 3.523899999999999810e-01
3.740000000000000000e+03 3.486400000000000055e-01
3.760000000000000000e+03 3.558200000000000252e-01
3.780000000000000000e+03 3.762199999999999989e-01
3.800000000000000000e+03 4.064699999999999980e-01
3.820000000000000000e+03 4.448900000000000077e-01
3.840000000000000000e+03 4.821099999999999830e-01
3.860000000000000000e+03 5.103400000000000158e-01
3.880000000000000000e+03 5.268800000000000150e-01
3.900000000000000000e+03 5.338600000000000012e-01
3.920000000000000000e+03 5.393700000000000161e-01
3.940000000000000000e+03 5.489600000000000035e-01
3.960000000000000000e+03 5.653099999999999792e-01
3.980000000000000000e+03 5.854599999999999804e-01
4.000000000000000000e+03 6.049600000000000533e-01
4.020000000000000000e+03 6.069799999999999640e-01
4.040000000000000000e+03 5.954700000000000548e-01
4.060000000000000000e+03 5.651500000000000412e-01
4.080000000000000000e+03 5.115499999999999492e-01
4.100000000000000000e+03 4.365700000000000136e-01
4.120000000000000000e+03 3.460799999999999987e-01
4.140000000000000000e+03 2.530600000000000072e-01
4.160000000000000000e+03 1.702700000000000047e-01
4.180000000000000000e+03 1.061600000000000044e-01
4.200000000000000000e+03 6.295000000000000595e-02
4.220000000000000000e+03 3.672000000000000264e-02
4.240000000000000000e+03 2.193000000000000158e-02
4.260000000000000000e+03 1.371999999999999956e-02
4.280000000000000000e+03 8.980000000000000135e-03
4.300000000000000000e+03 6.170000000000000137e-03
4.320000000000000000e+03 4.449999999999999963e-03
4.340000000000000000e+03 3.310000000000000008e-03
4.360000000000000000e+03 2.609999999999999907e-03
4.380000000000000000e+03 2.129999999999999949e-03
4.400000000000000000e+03 1.770000000000000089e-03
4.420000000000000000e+03 1.529999999999999893e-03
4.440000000000000000e+03 1.340000000000000045e-03
4.460000000000000000e+03 1.180000000000000059e-03
4.480000000000000000e+03 1.020000000000000073e-03
4.500000000000000000e+03 8.700000000000000051e-04
4.520000000000000000e+03 7.200000000000000453e-04
4.540000000000000000e+03 5.800000000000000034e-04
4.560000000000000000e+03 4.600000000000000139e-04
4.580000000000000000e+03 3.699999999999999947e-04
4.600000000000000000e+03 3.299999999999999982e-04
4.620000000000000000e+03 2.900000000000000017e-04
4.640000000000000000e+03 2.799999999999999755e-04
4.660000000000000000e+03 2.799999999999999755e-04
4.680000000000000000e+03 2.799999999999999755e-04
4.700000000000000000e+03 2.799999999999999755e-04
4.720000000000000000e+03 2.999999999999999737e-04
4.740000000000000000e+03 3.200000000000000262e-04
4.760000000000000000e+03 3.400000000000000244e-04
4.780000000000000000e+03 3.800000000000000209e-04
4.800000000000000000e+03 4.099999999999999912e-04
4.820000000000000000e+03 4.400000000000000157e-04
4.840000000000000000e+03 5.100000000000000366e-04
4.860000000000000000e+03 6.199999999999999999e-04
4.880000000000000000e+03 7.900000000000000121e-04
4.900000000000000000e+03 1.100000000000000066e-03
4.920000000000000000e+03 1.600000000000000077e-03
4.940000000000000000e+03 2.449999999999999921e-03
4.960000000000000000e+03 3.680000000000000111e-03
4.980000000000000000e+03 5.380000000000000233e-03
5.000000000000000000e+03 7.389999999999999868e-03
5.020000000000000000e+03 9.440000000000000474e-03
5.040000000000000000e+03 1.118000000000000070e-02
5.060000000000000000e+03 1.217999999999999985e-02
5.080000000000000000e+03 1.216000000000000067e-02
5.100000000000000000e+03 1.120999999999999948e-02
5.120000000000000000e+03 9.570000000000000381e-03
5.140000000000000000e+03 7.629999999999999630e-03
5.160000000000000000e+03 5.749999999999999903e-03
5.180000000000000000e+03 4.139999999999999583e-03
5.200000000000000000e+03 2.860000000000000129e-03
5.220000000000000000e+03 1.959999999999999937e-03
5.240000000000000000e+03 1.399999999999999986e-03
5.260000000000000000e+03 1.100000000000000066e-03
5.280000000000000000e+03 1.000000000000000021e-03
5.300000000000000000e+03 1.020000000000000073e-03
5.320000000000000000e+03 1.129999999999999928e-03
5.340000000000000000e+03 1.250000000000000026e-03
5.360000000000000000e+03 1.340000000000000045e-03
5.380000000000000000e+03 1.369999999999999907e-03
5.400000000000000000e+03 1.340000000000000045e-03
5.420000000000000000e+03 1.250000000000000026e-03
5.440000000000000000e+03 1.209999999999999921e-03
5.460000000000000000e+03 1.180000000000000059e-03
