8.000000000000000000e+03 0.000000000000000000e+00
8.005000000000000000e+03 2.850000000000000103e-03
8.010000000000000000e+03 5.859999999999999758e-03
8.015000000000000000e+03 7.609999999999999577e-03
8.020000000000000000e+03 9.239999999999999949e-03
8.025000000000000000e+03 1.095999999999999926e-02
8.030000000000000000e+03 1.620999999999999872e-02
8.035000000000000000e+03 2.314000000000000085e-02
8.040000000000000000e+03 3.493999999999999884e-02
8.045000000000000000e+03 5.072000000000000119e-02
8.050000000000000000e+03 6.823999999999999511e-02
8.055000000000000000e+03 9.539000000000000257e-02
8.060000000000000000e+03 1.323799999999999977e-01
8.065000000000000000e+03 1.748000000000000109e-01
8.070000000000000000e+03 2.219399999999999984e-01
8.075000000000000000e+03 2.776699999999999724e-01
8.080000000000000000e+03 3.417000000000000037e-01
8.085000000000000000e+03 4.107999999999999985e-01
8.090000000000000000e+03 4.809700000000000086e-01
8.095000000000000000e+03 5.543599999999999639e-01
8.100000000000000000e+03 6.356000000000000538e-01
8.105000000000000000e+03 7.137200000000000211e-01
8.110000000000000000e+03 7.779399999999999649e-01
8.115000000000000000e+03 8.358100000000000529e-01
8.120000000000000000e+03 8.840099999999999625e-01
8.125000000000000000e+03 9.330699999999999550e-01
8.130000000000000000e+03 9.585000000000000187e-01
8.135000000000000000e+03 9.742899999999999894e-01
8.140000000000000000e+03 9.875199999999999534e-01
8.145000000000000000e+03 9.818599999999999550e-01
8.150000000000000000e+03 9.978900000000000547e-01
8.155000000000000000e+03 9.890999999999999792e-01
8.160000000000000000e+03 9.860799999999999566e-01
8.165000000000000000e+03 9.579999999999999627e-01
8.170000000000000000e+03 9.353799999999999892e-01
8.175000000000000000e+03 9.065600000000000325e-01
8.180000000000000000e+03 8.696800000000000086e-01
8.185000000000000000e+03 8.262500000000000400e-01
8.190000000000000000e+03 7.803400000000000336e-01
8.195000000000000000e+03 7.224800000000000111e-01
8.200000000000000000e+03 6.571000000000000174e-01
8.205000000000000000e+03 5.879299999999999526e-01
8.210000000000000000e+03 5.148500000000000298e-01
8.215000000000000000e+03 4.375399999999999845e-01
8.220000000000000000e+03 3.628199999999999759e-01
8.225000000000000000e+03 2.863800000000000234e-01
8.230000000000000000e+03 2.147499999999999964e-01
8.235000000000000000e+03 1.561899999999999955e-01
8.240000000000000000e+03 1.075399999999999967e-01
8.245000000000000000e+03 7.073999999999999733e-02
8.250000000000000000e+03 4.270000000000000184e-02
8.255000000000000000e+03 2.410999999999999949e-02
8.260000000000000000e+03 1.238000000000000038e-02
8.265000000000000000e+03 1.234999999999999987e-02
8.270000000000000000e+03 2.288000000000000103e-02
8.275000000000000000e+03 1.144000000000000052e-02
8.280000000000000000e+03 0.000000000000000000e+00
