1.148000000000000000e+04 0.000000000000000000e+00
1.149000000000000000e+04 8.109999999999999432e+00
1.149500000000000000e+04 7.184999999999999609e+00
1.150000000000000000e+04 6.259999999999999787e+00
1.150500000000000000e+04 5.004999999999999893e+00
1.151000000000000000e+04 3.750000000000000000e+00
1.151500000000000000e+04 5.099999999999999645e+00
1.152000000000000000e+04 6.450000000000000178e+00
1.152500000000000000e+04 7.044999999999999929e+00
1.153000000000000000e+04 7.639999999999999680e+00
1.153500000000000000e+04 6.299999999999999822e+00
1.154000000000000000e+04 4.959999999999999964e+00
1.154500000000000000e+04 5.455000000000000071e+00
1.155000000000000000e+04 5.950000000000000178e+00
1.155500000000000000e+04 7.615000000000000213e+00
1.156000000000000000e+04 9.279999999999999361e+00
1.156500000000000000e+04 8.144999999999999574e+00
1.157000000000000000e+04 7.009999999999999787e+00
1.157500000000000000e+04 7.594999999999999751e+00
1.158000000000000000e+04 8.179999999999999716e+00
1.158500000000000000e+04 1.251999999999999957e+01
1.159000000000000000e+04 1.685999999999999943e+01
1.159500000000000000e+04 1.671000000000000085e+01
1.160000000000000000e+04 1.655999999999999872e+01
1.160500000000000000e+04 1.667500000000000071e+01
1.161000000000000000e+04 1.678999999999999915e+01
1.161500000000000000e+04 1.994000000000000128e+01
1.162000000000000000e+04 2.308999999999999986e+01
1.162500000000000000e+04 2.594000000000000128e+01
1.163000000000000000e+04 2.878999999999999915e+01
1.163500000000000000e+04 2.901999999999999957e+01
1.164000000000000000e+04 2.925000000000000000e+01
1.164500000000000000e+04 2.874500000000000099e+01
1.165000000000000000e+04 2.823999999999999844e+01
1.165500000000000000e+04 3.197500000000000142e+01
1.166000000000000000e+04 3.571000000000000085e+01
1.166500000000000000e+04 4.057500000000000284e+01
1.167000000000000000e+04 4.543999999999999773e+01
1.167500000000000000e+04 4.778000000000000114e+01
1.168000000000000000e+04 5.011999999999999744e+01
1.168500000000000000e+04 5.673499999999999943e+01
1.169000000000000000e+04 6.335000000000000142e+01
1.169500000000000000e+04 6.656499999999999773e+01
1.170000000000000000e+04 6.978000000000000114e+01
1.170500000000000000e+04 7.468999999999999773e+01
1.171000000000000000e+04 7.959999999999999432e+01
1.171500000000000000e+04 8.529999999999999716e+01
1.172000000000000000e+04 9.100000000000000000e+01
1.172500000000000000e+04 9.925999000000000194e+01
1.173000000000000000e+04 1.075199999999999960e+02
1.173500000000000000e+04 1.100049999999999955e+02
1.174000000000000000e+04 1.124899999999999949e+02
1.174500000000000000e+04 1.197749900000000025e+02
1.175000000000000000e+04 1.270600000000000023e+02
1.175500000000000000e+04 1.353849899999999877e+02
1.176000000000000000e+04 1.437099900000000048e+02
1.176500000000000000e+04 1.579450099999999964e+02
1.177000000000000000e+04 1.721800100000000100e+02
1.177500000000000000e+04 1.803449999999999989e+02
1.178000000000000000e+04 1.885099899999999877e+02
1.178500000000000000e+04 2.130300000000000011e+02
1.179000000000000000e+04 2.375500000000000114e+02
1.179500000000000000e+04 2.573649899999999775e+02
1.180000000000000000e+04 2.771799899999999752e+02
1.180500000000000000e+04 3.283450000000000273e+02
1.181000000000000000e+04 3.795100100000000225e+02
1.181500000000000000e+04 4.302650100000000180e+02
1.182000000000000000e+04 4.810199900000000071e+02
1.182500000000000000e+04 6.518250100000000202e+02
1.183000000000000000e+04 8.226299999999999955e+02
1.183500000000000000e+04 1.014240049999999997e+03
1.184000000000000000e+04 1.205850100000000111e+03
1.184500000000000000e+04 1.711800050000000056e+03
1.185000000000000000e+04 2.217750000000000000e+03
1.185500000000000000e+04 2.752495120000000043e+03
1.186000000000000000e+04 3.287239990000000034e+03
1.186500000000000000e+04 4.138089839999999640e+03
1.187000000000000000e+04 4.988939940000000206e+03
1.187500000000000000e+04 5.336575200000000223e+03
1.188000000000000000e+04 5.684209960000000137e+03
1.188500000000000000e+04 5.880959960000000137e+03
1.189000000000000000e+04 6.077709960000000137e+03
1.189500000000000000e+04 5.993115230000000338e+03
1.190000000000000000e+04 5.908520019999999931e+03
1.190500000000000000e+04 5.721944819999999709e+03
1.191000000000000000e+04 5.535369630000000143e+03
1.191500000000000000e+04 5.462625000000000000e+03
1.192000000000000000e+04 5.389879880000000412e+03
1.192500000000000000e+04 5.322894529999999577e+03
1.193000000000000000e+04 5.255909670000000006e+03
1.193500000000000000e+04 5.214834960000000137e+03
1.194000000000000000e+04 5.173760250000000269e+03
1.194500000000000000e+04 4.999180180000000291e+03
1.195000000000000000e+04 4.824600099999999657e+03
1.195500000000000000e+04 4.552935059999999794e+03
1.196000000000000000e+04 4.281270019999999931e+03
1.196500000000000000e+04 3.650239990000000034e+03
1.197000000000000000e+04 3.019209960000000137e+03
1.197500000000000000e+04 2.550975100000000111e+03
1.198000000000000000e+04 2.082739990000000034e+03
1.198500000000000000e+04 1.564445069999999987e+03
1.199000000000000000e+04 1.046150020000000040e+03
1.199500000000000000e+04 8.387000100000000202e+02
1.200000000000000000e+04 6.312500000000000000e+02
1.200500000000000000e+04 4.683850100000000225e+02
1.201000000000000000e+04 3.055199900000000071e+02
1.201500000000000000e+04 2.489650000000000034e+02
1.202000000000000000e+04 1.924099899999999934e+02
1.202500000000000000e+04 1.461499900000000025e+02
1.203000000000000000e+04 9.989000000000000057e+01
1.203500000000000000e+04 8.212999999999999545e+01
1.204000000000000000e+04 6.437000000000000455e+01
1.204500000000000000e+04 5.204999999999999716e+01
1.205000000000000000e+04 3.972999999999999687e+01
1.205500000000000000e+04 3.470000000000000284e+01
1.206000000000000000e+04 2.967000000000000171e+01
1.206500000000000000e+04 2.527499999999999858e+01
1.207000000000000000e+04 2.087999999999999901e+01
1.207500000000000000e+04 1.928999999999999915e+01
1.208000000000000000e+04 1.769999999999999929e+01
1.208500000000000000e+04 1.339000000000000057e+01
1.209000000000000000e+04 9.080000000000000071e+00
1.210000000000000000e+04 0.000000000000000000e+00
